0    1.980731396       46.56626554       0.8746769479      22.25074979     
0.01 1.976381205       46.22546454       0.8733883615      22.00513767     
0.02 1.962795685       46.06011854       0.873343874       21.92455887     
0.03 1.940833479       45.62946267       0.8719376148      21.70845089     
0.04 1.910426182       45.05157769       0.8705188383      21.42022742     
0.05 1.872719659       44.31814924       0.8691651334      21.05576085     
0.06 1.825877187       43.48578046       0.8679101101      20.6448376      
0.07 1.772511167       42.52976117       0.8667149632      20.17425471     
0.08 1.713391878       41.47297334       0.8655235068      19.65545957     
0.09 1.648759922       40.33909717       0.8642423498      19.10052868     
0.1  1.580983172       39.1372971        0.862753077       18.51310658     
0.11 1.507410467       37.90011224       0.8609744051      17.91107977     
0.12 1.433230721       36.62357061       0.8587335788      17.2897045      
0.13 1.353875071       35.33909247       0.8557629912      16.66592035     
0.14 1.274928973       34.04276346       0.8523310307      16.03717736     
0.15 1.192952728       32.75600628       0.8488256354      15.4183997      
0.16 1.111053441       31.4800336        0.8448892713      14.80720912     
0.17 1.028878564       30.22396654       0.840087647       14.2066325      
0.18 0.9458189722      28.99436791       0.8343609275      13.61993783     
0.19 0.8650263838      27.79090647       0.8278984142      13.04592209     
0.2  0.7825611259      26.62280632       0.8207287215      12.4906996      
0.21 0.7025128481      25.48729762       0.8129476001      11.95214721     
0.22 0.6237529988      24.3887151        0.8045893903      11.43395657     
0.23 0.5456298413      23.32894079       0.7957108393      10.93750651     
0.24 0.4703376553      22.30577749       0.7864063166      10.45966924     
0.25 0.3961974433      21.32043258       0.7766954048      10.00124047     
0.26 0.3239122756      20.37227931       0.7666722296      9.561605049     
0.27 0.2546425642      19.4605737        0.7564334234      9.139979192     
0.28 0.1869406239      18.58601228       0.7459558333      8.737306285     
0.29 0.1215518536      17.74727282       0.7354067888      8.352654237     
0.3  0.05927989038     16.94301864       0.7249470616      7.985056713     
0.31 -0.0007778398109  16.17236936       0.7146797192      7.634651636     
0.32 -0.05851716298    15.43427831       0.704703374       7.300796663     
0.33 -0.1131261478     14.72770406       0.6951099794      6.982414023     
0.34 -0.1648765061     14.05151656       0.6860303769      6.679075245     
0.35 -0.2145240553     13.40443341       0.677614414       6.390552953     
0.36 -0.2611743028     12.78609019       0.6696663491      6.115733471     
0.37 -0.3048392797     12.19571983       0.6621528906      5.854017739     
0.38 -0.346310556      11.63244706       0.6553360759      5.605001203     
0.39 -0.3853980489     11.09548273       0.6488879044      5.368150828     
0.4  -0.4219075029     10.58404933       0.6424806902      5.142951463     
0.41 -0.4560085759     10.09731552       0.6359314335      4.928977211     
0.42 -0.4887851656     9.63441278        0.6293453415      4.726379972     
0.43 -0.5196639106     9.194413235       0.6221930215      4.534117359     
0.44 -0.5487373539     8.776396637       0.6142049548      4.351621912     
0.45 -0.5762137982     8.379420036       0.6051442176      4.1783887       
0.46 -0.6033754158     8.003265243       0.5943098882      4.014382187     
0.47 -0.6293644982     7.645923213       0.5821325991      3.858618572     
0.48 -0.6541567801     7.306070583       0.5686027594      3.710481971     
0.49 -0.6777917423     6.982399854       0.5536931951      3.569382356     
0.5  -0.7008754255     6.672737019       0.536716236       3.434682083     
0.51 -0.7230611064     6.376496142       0.5182640492      3.305871091     
0.52 -0.7440294263     6.093025983       0.4988302191      3.182438312     
0.53 -0.7636596802     5.821358794       0.4786423646      3.063857819     
0.54 -0.7818172033     5.560053581       0.4579189485      2.949350554     
0.55 -0.7983450181     5.307058491       0.4368716805      2.837817324     
0.56 -0.81323274       5.06359979        0.4156682178      2.72998095      
0.57 -0.8264158932     4.82928932        0.3944828938      2.625665686     
0.58 -0.8378416043     4.603735221       0.3734811572      2.524697778     
0.59 -0.8474069162     4.386079356       0.352988116       2.426723884     
0.6  -0.8550643914     4.175798841       0.3331914032      2.331527191     
0.61 -0.860927385      3.973427693       0.313894073       2.23931273      
0.62 -0.8650378802     3.778830375       0.2951416936      2.150027575     
0.63 -0.867455273      3.591865443       0.276978397       2.063622419     
0.64 -0.8683303224     3.412388784       0.2595075961      1.980064234     
0.65 -0.8678942759     3.240248516       0.2428702891      1.899336336     
0.66 -0.8659991695     3.075269785       0.2268876676      1.821356422     
0.67 -0.8627071005     2.91728539        0.2115532249      1.746076391     
0.68 -0.8580919825     2.766123378       0.1968613783      1.673449779     
0.69 -0.8522398281     2.621606874       0.1828074093      1.603431895     
0.7  -0.8454733837     2.48355818        0.1694295488      1.536101115     
0.71 -0.8377387772     2.351782169       0.156690345       1.471321973     
0.72 -0.8290206502     2.226084874       0.1445621048      1.408982051     
0.73 -0.8193882805     2.106271165       0.1330332755      1.349013247     
0.74 -0.8089180072     1.992142406       0.12209325        1.291348985     
0.75 -0.7976933292     1.88349638        0.1117323053      1.235924257     
0.76 -0.7860743201     1.779965832       0.1020222413      1.182701937     
0.77 -0.7739363477     1.681477942       0.09288255696     1.131600646     
0.78 -0.7612614563     1.587892577       0.08427027787     1.08254775      
0.79 -0.7480987203     1.499028433       0.07616370522     1.035477141     
0.8  -0.7344991915     1.414702349       0.06854219702     0.9903231754    
0.81 -0.7205158694     1.334729282       0.06138609794     0.9470207084    
0.82 -0.706249838      1.258819019       0.0546775108      0.9054852706    
0.83 -0.6917805489     1.186737753       0.04839889295     0.8656454068    
0.84 -0.6770827382     1.11848347        0.04253164399     0.8274741377    
0.85 -0.6621990091     1.053899704       0.03705918144     0.7909147259    
0.86 -0.6471723763     0.9928287742      0.03196563571     0.7559106956    
0.87 -0.6320462166     0.9351117769      0.02723580504     0.7224058488    
0.88 -0.6168642204     0.8805885816      0.02285511371     0.6903442805    
0.89 -0.6017398209     0.8289386275      0.018829594       0.6596406924    
0.9  -0.5867278609     0.7799829563      0.01514721093     0.6302384205    
0.91 -0.5717760914     0.7337804154      0.01176695729     0.6021243111    
0.92 -0.556909299      0.6902067602      0.00867163326     0.575250463     
0.93 -0.5421508487     0.6491372728      0.005844595821    0.5495689261    
0.94 -0.5275226186     0.6104467654      0.003269724691    0.5250317095    
0.95 -0.5130449374     0.5740095836      0.0009313905104   0.5015907886    
0.96 -0.4987365224     0.5396996111      -0.001185574844   0.4791981116    
0.97 -0.4846080708     0.5069841907      -0.003113722468   0.457685544     
0.98 -0.4706807059     0.4761348827      -0.004849641333   0.4371236534    
0.99 -0.4569692495     0.4471025855      -0.006403885597   0.4174873865    
1.   -0.443486246      0.4198028785      -0.007788239172   0.3987411637    
1.01 -0.4302424443     0.3941512528      -0.009014178275   0.3808493293    
1.02 -0.4172467472     0.3700631148      -0.01009288932    0.3637761525    
1.03 -0.4045061629     0.3474537902      -0.01103528567    0.3474858274    
1.04 -0.392025757      0.326238527       -0.0118520234     0.3319424742    
1.05 -0.3797231448     0.30610374        -0.01258385786    0.3170087802    
1.06 -0.3676464258     0.2871001993      -0.01322263821    0.3027088737    
1.07 -0.3558433612     0.269273924       -0.01376096186    0.2890646928    
1.08 -0.3443221395     0.2525668634      -0.01420514605    0.2760520039    
1.09 -0.3330895372     0.2369209588      -0.01456136807    0.2636465157    
1.1  -0.3221508873     0.2222781452      -0.01483567293    0.2518238797    
1.11 -0.3115100492     0.2085803538      -0.01503398065    0.2405596899    
1.12 -0.3011693793     0.195769514       -0.01516209306    0.2298294832    
1.13 -0.2911297019     0.1837875558      -0.01522570022    0.2196087392    
1.14 -0.2813530863     0.17234521        -0.01523693144    0.2098068736    
1.15 -0.2718547367     0.1615014411      -0.01519787775    0.2004328712    
1.16 -0.2626539145     0.1513431403      -0.01510982066    0.1915034492    
1.17 -0.2537492374     0.1418360357      -0.01497741207    0.1830005949    
1.18 -0.245137899      0.1329459981      -0.01480522732    0.1749062387    
1.19 -0.2368156465     0.124639041       -0.01459776927    0.1672022521    
1.2  -0.22877676       0.1168813216      -0.01435947207    0.1598704461    
1.21 -0.221014031      0.109639141       -0.01409470484    0.1528925694    
1.22 -0.2135187431     0.1028789446      -0.01380777503    0.1462503073    
1.23 -0.2062806519     0.09656732189     -0.01350293165    0.1399252804    
1.24 -0.1991107843     0.0904798948      -0.01322038427    0.1337926944    
1.25 -0.1920946525     0.08469711126     -0.01294269019    0.1278965865    
1.26 -0.1853075562     0.07928393532     -0.01265547652    0.1222728287    
1.27 -0.1787481751     0.07422240383     -0.01236003347    0.1169111987    
1.28 -0.1724143748     0.06949464865     -0.01205763565    0.11180146      
1.29 -0.1663031974     0.06508289637     -0.0117495428     0.1069333609    
1.3  -0.1604108515     0.06096946807     -0.01143700061    0.1022966332    
1.31 -0.154732703      0.057136779       -0.01112124143    0.09788099095   
1.32 -0.1492632655     0.05356733819     -0.01080348489    0.09367612899   
1.33 -0.1439961921     0.0502437481      -0.0104849386     0.0896717223    
1.34 -0.138924266      0.04714870418     -0.01016679874    0.08585742485   
1.35 -0.1339102024     0.04414662094     -0.009864828936   0.08215523358   
1.36 -0.1290061931     0.04128032631     -0.00957276481    0.07858862732   
1.37 -0.124276536      0.03860128465     -0.009283331434   0.07518627876   
1.38 -0.11971978       0.036100417       -0.008996729455   0.07194231114   
1.39 -0.1153339972     0.0337687086      -0.008713159046   0.06885084785   
1.4  -0.1111167778     0.03159720848     -0.008432819945   0.06590601148   
1.41 -0.1070652261     0.02957702903     -0.00815591149    0.06310192289   
1.42 -0.103175956      0.02769934552     -0.007882632658   0.06043270033   
1.43 -0.09944508683    0.02595539567     -0.007613182091   0.05789245865   
1.44 -0.09586823919    0.02433647918     -0.007347758133   0.05547530851   
1.45 -0.0924405312     0.02283395722     -0.007086558854   0.0531753557    
1.46 -0.08915657452    0.02143925195     -0.006829782079   0.05098670044   
1.47 -0.08595781271    0.02010106645     -0.006578824971   0.04887886942   
1.48 -0.08279462014    0.01877767265     -0.006334812397   0.04682667874   
1.49 -0.07975737285    0.01754051212     -0.006095700789   0.04486998977   
1.5  -0.07684409175    0.01638543031     -0.005861570973   0.04300530342   
1.51 -0.07405249514    0.01530831877     -0.005632504483   0.04122912183   
1.52 -0.07137999644    0.01430511466     -0.00540858354    0.03953794784   
1.53 -0.06882370207    0.0133718004      -0.005189891034   0.03792828433   
1.54 -0.06638040938    0.01250440325     -0.004976510506   0.03639663377   
1.55 -0.06404660458    0.01169899488     -0.00476852613    0.03493949765   
1.56 -0.06181846077    0.01095169093     -0.004566022697   0.03355337602   
1.57 -0.05969183606    0.01025865066     -0.004369085599   0.03223476703   
1.58 -0.05766227164    0.009616076459    -0.00417780081    0.03098016651   
1.59 -0.05572499002    0.009020213432    -0.003992254874   0.0297860676    
1.6  -0.05387489322    0.008467348994    -0.003812534887   0.0286489603    
1.61 -0.05200549039    0.007912695535    -0.003643489112   0.02752736836   
1.62 -0.05013141442    0.007362275963    -0.003484098253   0.02642632584   
1.63 -0.04832877841    0.006846268389    -0.003330544232   0.0253734018    
1.64 -0.0465964599     0.006363128255    -0.003182683594   0.02436696034   
1.65 -0.04493320186    0.005911332568    -0.00304037471    0.0234053691    
1.66 -0.04333761189    0.005489379662    -0.002903477718   0.02248699894   
1.67 -0.04180816162    0.005095788973    -0.002771854449   0.02161022366   
1.68 -0.04034318589    0.004729100801    -0.002645368371   0.02077341971   
1.69 -0.03894088219    0.004387876087    -0.002523884521   0.01997496597   
1.7  -0.03759930991    0.004070696177    -0.002407269456   0.01921324344   
1.71 -0.03631638977    0.003776162596    -0.002295391191   0.01848663507   
1.72 -0.03508990314    0.00350289682     -0.002188119145   0.01779352547   
1.73 -0.03391749147    0.003249540048    -0.002085324095   0.01713230074   
1.74 -0.0327966557     0.003014752975    -0.001986878121   0.01650134826   
1.75 -0.03172475564    0.002797215568    -0.001892654565   0.01589905647   
1.76 -0.03069900949    0.002595626842    -0.001802527977   0.01532381473   
1.77 -0.02959363483    0.002378303184    -0.001716697196   0.01473356075   
1.78 -0.02852589291    0.002174482334    -0.001634716431   0.01416691859   
1.79 -0.02749654848    0.001983883183    -0.001556453336   0.01362357319   
1.8  -0.02650508668    0.00180592639     -0.001481779897   0.01310280577   
1.81 -0.02555093843    0.00164004119     -0.001410569143   0.01260390024   
1.82 -0.02463348016    0.001485665298    -0.001342695111   0.01212614312   
1.83 -0.02375203362    0.001342244805    -0.001278032806   0.01166882339   
1.84 -0.02290586567    0.001209234075    -0.001216458169   0.01123123235   
1.85 -0.02209418807    0.001086095651    -0.001157848044   0.01081266354   
1.86 -0.02131615732    0.0009723001492   -0.001102080148   0.01041241259   
1.87 -0.02057087441    0.0008673261659   -0.001049033036   0.01002977714   
1.88 -0.01985738466    0.0007706601781   -0.0009985860757  0.009664056723  
1.89 -0.01917467757    0.0006817964476   -0.000950619419   0.009314552656  
1.9  -0.0185216866     0.0006002369253   -0.0009050139722  0.008980567964  
1.91 -0.01789728899    0.0005254911563   -0.0008616513721  0.008661407278  
1.92 -0.01730030564    0.0004570761865   -0.0008204139602  0.008356376745  
1.93 -0.01672950091    0.0003945164692   -0.0007811847583  0.008064783948  
1.94 -0.01616363074    0.0003330627935   -0.0007428076622  0.007779755078  
1.95 -0.01557035144    0.0002658047302   -0.0007035896203  0.007491189009  
1.96 -0.01499870951    0.0002032233413   -0.0006660655535  0.007214137542  
1.97 -0.01444844342    0.0001451180332   -0.0006301814286  0.006948275097  
1.98 -0.01391926757    0.00009129194168  -0.0005958835635  0.006693277433  
1.99 -0.01341087226    0.00004155188666  -0.0005631186162  0.006448821591  
2.   -0.01292292357    -4.291672069e-6   -0.0005318335732  0.006214585844  
2.01 -0.01245506332    -0.00004642467883 -0.0005019757389  0.005990249643  
2.02 -0.01200690899    -0.00008502952564 -0.0004734927253  0.005775493565  
2.03 -0.01157805364    -0.0001202850954  -0.0004463324418  0.005569999273  
2.04 -0.01116806586    -0.0001523668044  -0.0004204430858  0.005373449463  
2.05 -0.01077648968    -0.0001814466451  -0.0003957731331  0.005185527821  
2.06 -0.01040284456    -0.0002076932272  -0.0003722713292  0.005005918983  
2.07 -0.01004662524    -0.0002312718198  -0.0003498866805  0.004834308493  
2.08 -0.009707301753   -0.0002523443919  -0.0003285684459  0.004670382762  
2.09 -0.009384319352   -0.0002710696534  -0.0003082661287  0.004513829033  
2.1  -0.009077098422   -0.0002876030945  -0.0002889294688  0.004364335339  
2.11 -0.008785034451   -0.0003020970262  -0.0002705084353  0.004221590474  
2.12 -0.008507497964   -0.0003147006189  -0.000252953219   0.004085283956  
2.13 -0.008243834472   -0.0003255599416  -0.0002362142257  0.003955105995  
2.14 -0.007993272327   -0.0003348287271  -0.0002202364667  0.003830721732  
2.15 -0.007708750021   -0.0003479844162  -0.0002021702312  0.003698953831  
2.16 -0.007435384289   -0.0003597617061  -0.0001847751479  0.003572382355  
2.17 -0.007173011201   -0.0003702284048  -0.0001680376238  0.003450862182  
2.18 -0.006921456022   -0.0003794508284  -0.0001519441487  0.003334248717  
2.19 -0.00668053319    -0.0003874938175  -0.000136481293   0.003222397874  
2.2  -0.00645004629    -0.0003944207556  -0.0001216357052  0.003115166057  
2.21 -0.006229788026   -0.0004002935857  -0.0001073941093  0.003012410138  
2.22 -0.006019540198   -0.0004051728278  -0.00009374330322 0.002913987444  
2.23 -0.00581907368    -0.0004091175959  -0.00008067015589 0.002819755737  
2.24 -0.00562814839    -0.0004121856141  -0.00006816160569 0.002729573198  
2.25 -0.005446513275   -0.0004144332341  -0.0000562046582  0.002643298411  
2.26 -0.005273906281   -0.0004159154506  -0.00004478638427 0.002560790347  
2.27 -0.005110054337   -0.0004166859182  -0.00003389391814 0.002481908352  
2.28 -0.00495467333    -0.0004167969671  -0.00002351445559 0.002406512128  
2.29 -0.004807468083   -0.0004162996191  -0.00001363525214 0.002334461722  
2.3  -0.004668132338   -0.0004152436031  -4.24362136e-6    0.002265617511  
2.31 -0.004536348734   -0.0004136773704  4.67306682e-6     0.002199840191  
2.32 -0.004411788787   -0.0004116481108  0.00001312738774  0.002136990762  
2.33 -0.004294112871   -0.0004092017667  0.00002113186356  0.002076930519  
2.34 -0.004182970198   -0.0004063830489  0.00002869896479  0.002019521036  
2.35 -0.004077998805   -0.0004032354507  0.00003584111176  0.001964624159  
2.36 -0.003978825526   -0.0003998012631  0.00004257067606  0.001912101991  
2.37 -0.003885065986   -0.0003961215889  0.00004889998189  0.001861816884  
2.38 -0.003773042882   -0.0003938645603  0.00005494658134  0.001807945252  
2.39 -0.003647598438   -0.0003926442705  0.00006069714908  0.001751718788  
2.4  -0.003525985526   -0.0003912471025  0.00006608347744  0.001697340017  
2.41 -0.003408163875   -0.0003896839021  0.00007111599801  0.00164476528   
2.42 -0.003294090654   -0.0003879651397  0.00007580510493  0.001593951193  
2.43 -0.003183720473   -0.0003861009142  0.00008016115599  0.001544854635  
2.44 -0.003077005371   -0.0003841009583  0.0000841944736   0.001497432746  
2.45 -0.002973894822   -0.0003819746425  0.00008791534582  0.001451642916  
2.46 -0.002874335721   -0.0003797309797  0.00009133402723  0.001407442782  
2.47 -0.00277827239    -0.0003773786295  0.00009446073994  0.001364790219  
2.48 -0.002685646566   -0.0003749259025  0.00009730567443  0.001323643338  
2.49 -0.002596397406   -0.0003723807645  0.00009987899044  0.001283960476  
2.5  -0.002510461476   -0.000369750841   0.0001021908178   0.001245700191  
2.51 -0.002427772752   -0.0003670434211  0.0001042512572   0.001208821261  
2.52 -0.002348262615   -0.0003642654614  0.0001060703811   0.001173282671  
2.53 -0.002271859851   -0.0003614235905  0.0001076582345   0.001139043615  
2.54 -0.002198490642   -0.0003585241128  0.0001090248355   0.001106063487  
2.55 -0.002128078571   -0.0003555730122  0.0001101801762   0.001074301875  
2.56 -0.00206054461    -0.0003525759565  0.0001111342233   0.001043718562  
2.57 -0.001995807125   -0.0003495383006  0.0001118969189   0.001014273514  
2.58 -0.001933781869   -0.000346465091   0.0001124781811   0.0009859268789 
2.59 -0.00187438198    -0.0003433610689  0.0001128879047   0.0009586389843 
2.6  -0.001817517979   -0.0003402306744  0.0001131359617   0.0009323703291 
2.61 -0.001763097766   -0.0003370780497  0.0001132322019   0.0009070815814 
2.62 -0.001711026618   -0.0003339070433  0.0001131864537   0.0008827335741 
2.63 -0.001661207189   -0.0003307212127  0.0001130085246   0.0008592873008 
2.64 -0.001613539504   -0.0003275238289  0.0001127082016   0.0008367039122 
2.65 -0.00156429221    -0.0003242918265  0.0001125651603   0.0008140802006 
2.66 -0.001506457819   -0.0003209714106  0.0001130958575   0.0007897550236 
2.67 -0.001450294042   -0.0003176353718  0.000113535061    0.0007661723831 
2.68 -0.001395786777   -0.0003142867204  0.0001138853909   0.0007433167166 
2.69 -0.001342921067   -0.0003109283567  0.0001141494608   0.000721172556  
2.7  -0.001291681094   -0.0003075630723  0.0001143298779   0.0006997245264 
2.71 -0.001242050185   -0.000304193551   0.0001144292432   0.0006789573431 
2.72 -0.001194010803   -0.0003008223704  0.0001144501519   0.0006588558105 
2.73 -0.001147544555   -0.000297452003   0.000114395193    0.0006394048195 
2.74 -0.001102632182   -0.0002940848175  0.0001142669501   0.0006205893459 
2.75 -0.001059253563   -0.0002907230799  0.000114068001    0.0006023944488 
2.76 -0.001017387716   -0.0002873689545  0.0001138009182   0.000584805268  
2.77 -0.000977012791   -0.0002840245055  0.0001134682688   0.0005678070231 
2.78 -0.0009381060734  -0.0002806916977  0.0001130726148   0.0005513850114 
2.79 -0.000900643982   -0.0002773723982  0.0001126165133   0.0005355246061 
2.8  -0.000864602068   -0.0002740683766  0.0001121025162   0.0005202112548 
2.81 -0.0008299550144  -0.0002707813073  0.000111533171    0.0005054304781 
2.82 -0.0007966766346  -0.0002675127696  0.0001109110201   0.0004911678678 
2.83 -0.0007647398721  -0.0002642642492  0.0001102386016   0.0004774090852 
2.84 -0.0007341167993  -0.0002610371393  0.0001095184493   0.0004641398602 
2.85 -0.0007047786169  -0.0002578327416  0.0001087530924   0.0004513459892 
2.86 -0.0006766956532  -0.0002546522674  0.0001079450561   0.0004390133343 
2.87 -0.000649837363   -0.0002514968384  0.0001070968613   0.0004271278212 
2.88 -0.0006241723269  -0.0002483674879  0.000106211025    0.0004156754385 
2.89 -0.0005996682509  -0.0002452651619  0.0001052900603   0.0004046422363 
2.9  -0.0005762919652  -0.0002421907198  0.0001043364765   0.0003940143243 
2.91 -0.0005540094238  -0.0002391449359  0.000103352779    0.0003837778714 
2.92 -0.0005327857037  -0.0002361284996  0.0001023414699   0.0003739191039 
2.93 -0.000512585004   -0.0002331420171  0.0001013050475   0.0003644243044 
2.94 -0.0004933706458  -0.0002301860118  0.0001002460066   0.0003552798108 
2.95 -0.0004751050706  -0.0002272609256  0.00009916683893  0.0003464720151 
2.96 -0.0004577498406  -0.0002243671198  0.00009807003266  0.000337987362  
2.97 -0.0004404752915  -0.0002214952769  0.00009700394159  0.0003296367544 
2.98 -0.0004172273657  -0.0002185703576  0.0000963179314   0.0003200793226 
2.99 -0.0003946725332  -0.000215672168   0.00009562345126  0.0003107990148 
3.   -0.000372805525   -0.0002128012361  0.00009492085216  0.0003017906003 
3.01 -0.0003516207924  -0.0002099580592  0.0000942104847   0.0002930488776 
3.02 -0.0003311125064  -0.0002071431039  0.00009349269906  0.0002845686741 
3.03 -0.0003112745579  -0.0002043568067  0.00009276784503  0.0002763448453 
3.04 -0.0002921005568  -0.0002015995741  0.000092036272    0.0002683722745 
3.05 -0.0002735838322  -0.0001988717831  0.00009129832898  0.0002606458721 
3.06 -0.0002557174318  -0.0001961737816  0.00009055436463  0.0002531605751 
3.07 -0.0002384941217  -0.0001935058882  0.00008980472723  0.0002459113467 
3.08 -0.0002219063863  -0.0001908683933  0.00008904976471  0.0002388931754 
3.09 -0.0002059464279  -0.0001882615586  0.00008828982467  0.0002321010752 
3.1  -0.0001906061661  -0.000185685618   0.00008752525436  0.0002255300846 
3.11 -0.0001758772382  -0.0001831407777  0.00008675640072  0.0002191752661 
3.12 -0.0001617509985  -0.0001806272162  0.00008598361035  0.000213031706  
3.13 -0.0001482185181  -0.0001781450851  0.00008520722956  0.000207094514  
3.14 -0.0001352705848  -0.0001756945092  0.00008442760434  0.0002013588224 
3.15 -0.0001228977025  -0.0001732755864  0.0000836450804   0.000195819786  
3.16 -0.0001110900916  -0.0001708883887  0.00008286000315  0.0001904725816 
3.17 -0.00009983768811 -0.0001685329619  0.00008207271772  0.0001853124073 
3.18 -0.00008913014374 -0.000166209326   0.00008128356898  0.0001803344826 
3.19 -0.00007895682567 -0.0001639174756  0.00008049290151  0.0001755340478 
3.2  -0.00006930681625 -0.0001616573801  0.00007970105964  0.0001709063632 
3.21 -0.00006016891281 -0.0001594289841  0.00007890838744  0.0001664467094 
3.22 -0.00005153162746 -0.0001572322072  0.00007811522875  0.0001621503865 
3.23 -0.00004338318684 -0.000155066945   0.00007732192713  0.0001580127139 
3.24 -0.00003571153196 -0.0001529330686  0.00007652882595  0.0001540290299 
3.25 -0.00002850431795 -0.0001508304254  0.00007573626831  0.0001501946912 
3.26 -0.00002174891389 -0.0001487588391  0.0000749445971   0.0001465050729 
3.27 -0.0000154324026  -0.0001467181099  0.00007415415499  0.0001429555678 
3.28 -9.541580438e-6   -0.0001447080149  0.00007336528444  0.0001395415863 
3.29 -4.062957133e-6   -0.0001427283084  0.00007257832768  0.0001362585562 
3.3  1.017244428e-6    -0.0001407787219  0.00007179362677  0.000133101922  
3.31 5.713088373e-6    -0.0001388589643  0.00007101152355  0.0001300671447 
3.32 0.00001003892603  -0.0001369687227  0.00007023235965  0.000127149702  
3.33 0.00001400939609  -0.0001351076618  0.00006945647654  0.0001243450871 
3.34 0.00001763942482  -0.0001332754248  0.00006868421549  0.0001216488095 
3.35 0.00002094422619  -0.0001314716333  0.00006791591758  0.0001190563936 
3.36 0.00002759620918  -0.0001296061235  0.00006723688431  0.0001158413656 
3.37 0.00003473525424  -0.0001277479452  0.00006657991191  0.0001125737116 
3.38 0.00004164050889  -0.0001259146502  0.00006592815027  0.0001093951268 
3.39 0.0000483134526   -0.000124106156   0.00006528159521  0.000106304118  
3.4  0.00005475563486  -0.0001223223729  0.00006464024264  0.0001032992009 
3.41 0.00006096867516  -0.0001205632044  0.0000640040886   0.0001003788993 
3.42 0.00006695426307  -0.000118828547   0.00006337312925  0.00009754174578
3.43 0.00007271415834  -0.0001171182907  0.00006274736088  0.000094786281  
3.44 0.0000782501909   -0.0001154323183  0.00006212677988  0.00009211105378
3.45 0.00008356426096  -0.0001137705063  0.00006151138274  0.00008951462093
3.46 0.00008865833906  -0.0001121327245  0.0000609011661   0.00008699554712
3.47 0.00009353446613  -0.000110518836   0.00006029612667  0.00008455240477
3.48 0.00009819475352  -0.0001089286978  0.00005969626128  0.00008218377387
3.49 0.0001026413831   -0.00010736216    0.00005910156687  0.00007988824192
3.5  0.0001068766073   -0.0001058190667  0.00005851204049  0.00007766440376
3.51 0.0001109027491   -0.0001042992556  0.00005792767926  0.00007551086148
3.52 0.0001147222021   -0.0001028025581  0.00005734848044  0.00007342622429
3.53 0.0001183374309   -0.0001013287997  0.00005677444136  0.0000714091084 
3.54 0.0001217509704   -0.00009987779951 0.00005620555945  0.00006945813693
3.55 0.0001249654267   -0.00009844937069 0.00005564183225  0.00006757193977
3.56 0.0001279834766   -0.00009704332044 0.00005508325737  0.00006574915349
3.57 0.0001308078678   -0.00009565945001 0.00005452983252  0.00006398842124
3.58 0.0001334414189   -0.00009429755479 0.00005398155552  0.00006228839262
3.59 0.0001358870197   -0.00009295742435 0.00005343842424  0.00006064772358
3.6  0.0001381476309   -0.0000916388425  0.00005290043666  0.00005906507636
3.61 0.0001402262843   -0.00009034158737 0.00005236759085  0.00005753911935
3.62 0.000142126083    -0.0000890654314  0.00005183988495  0.00005606852699
3.63 0.000143850201    -0.00008781014149 0.00005131731718  0.00005465197971
3.64 0.0001454018838   -0.00008657547896 0.00005079988586  0.00005328816379
3.65 0.000146784448    -0.00008536119968 0.00005028758936  0.00005197577133
3.66 0.0001480012817   -0.00008416705406 0.00004978042617  0.00005071350009
3.67 0.0001490558441   -0.00008299278715 0.00004927839481  0.00004950005345
3.68 0.000149951666    -0.00008183813866 0.0000487814939   0.0000483341403 
3.69 0.0001506923497   -0.00008070284304 0.00004828972215  0.00004721447496
3.7  0.0001512815687   -0.00007958662949 0.00004780307829  0.00004613977711
3.71 0.0001517230683   -0.00007848922207 0.00004732156119  0.00004510877168
3.72 0.0001520206652   -0.00007741033967 0.00004684516974  0.0000441201888 
3.73 0.0001521782477   -0.00007634969614 0.00004637390291  0.00004317276369
3.74 0.0001521997759   -0.00007530700028 0.00004590775975  0.00004226523659
3.75 0.0001520892814   -0.00007428195592 0.00004544673938  0.00004139635272
3.76 0.0001518508675   -0.00007327426195 0.00004499084096  0.00004056486214
3.77 0.0001514887094   -0.00007228361238 0.00004454006374  0.00003976951973
3.78 0.0001510070539   -0.00007130969638 0.00004409440702  0.00003900908509
3.79 0.0001504102197   -0.00007035219831 0.00004365387017  0.00003828232248
3.8  0.0001497025974   -0.0000694107978  0.00004321845263  0.00003758800074
3.81 0.0001488886494   -0.00006848516977 0.00004278815387  0.00003692489322
3.82 0.0001492687996   -0.00006748982303 0.00004238240889  0.00003604712644
3.83 0.0001500648245   -0.00006647595828 0.000041989322    0.00003510349938
3.84 0.000150786764    -0.00006547576116 0.00004160144865  0.00003418655015
3.85 0.0001514352729   -0.0000644891615  0.00004121872676  0.00003329584524
3.86 0.0001520110254   -0.00006351608761 0.00004084109437  0.00003243095342
3.87 0.0001525147152   -0.00006255646622 0.0000404684896   0.00003159144571
3.88 0.0001529470556   -0.00006161022257 0.00004010085064  0.00003077689538
3.89 0.0001533087794   -0.00006067728039 0.0000397381158   0.00002998687784
3.9  0.0001536006393   -0.00005975756189 0.00003938022345  0.00002922097068
3.91 0.0001538234071   -0.00005885098783 0.00003902711205  0.00002847875361
3.92 0.0001539778746   -0.00005795747748 0.00003867872015  0.00002775980843
3.93 0.0001540648531   -0.00005707694865 0.00003833498637  0.00002706371901
3.94 0.0001540851735   -0.00005620931773 0.00003799584941  0.00002639007126
3.95 0.0001540396864   -0.00005535449966 0.00003766124805  0.00002573845307
3.96 0.0001539292621   -0.00005451240795 0.00003733112116  0.00002510845434
3.97 0.0001537547904   -0.00005368295475 0.00003700540767  0.00002449966689
3.98 0.0001535171811   -0.00005286605077 0.00003668404659  0.00002391168449
3.99 0.0001532173633   -0.00005206160536 0.000036366977    0.00002334410277
4.   0.0001528562863   -0.00005126952651 0.00003605413805  0.00002279651927
4.01 0.0001524349187   -0.00005048972083 0.00003574546896  0.00002226853334
4.02 0.0001519542491   -0.00004972209361 0.00003544090903  0.00002175974616
4.03 0.0001514152857   -0.0000489665488  0.00003514039763  0.00002126976069
4.04 0.0001508190565   -0.00004822298901 0.00003484387417  0.00002079818168
4.05 0.0001501666094   -0.00004749131558 0.00003455127815  0.0000203446156 
4.06 0.0001494590119   -0.0000467714285  0.00003426254914  0.00001990867064
4.07 0.0001486973515   -0.00004606322653 0.00003397762675  0.0000194899567 
4.08 0.0001478827352   -0.0000453666071  0.00003369645067  0.00001908808533
4.09 0.0001470162902   -0.00004468146643 0.00003341896064  0.00001870266974
4.1  0.0001460991632   -0.00004400769944 0.00003314509648  0.00001833332476
4.11 0.000145132521    -0.00004334519983 0.00003287479805  0.00001797966683
4.12 0.0001441175501   -0.00004269386008 0.00003260800527  0.00001764131397
4.13 0.0001430554568   -0.00004205357142 0.00003234465813  0.00001731788576
4.14 0.0001419474676   -0.00004142422389 0.00003208469668  0.00001700900331
4.15 0.0001407948284   -0.00004080570634 0.00003182806099  0.00001671428925
4.16 0.0001395988053   -0.00004019790639 0.00003157469124  0.00001643336772
4.17 0.0001383606844   -0.00003960071054 0.00003132452761  0.00001616586432
4.18 0.0001370817714   -0.00003901400406 0.00003107751037  0.00001591140613
4.19 0.0001357633921   -0.00003843767111 0.00003083357983  0.00001566962163
4.2  0.0001344068922   -0.00003787159467 0.00003059267635  0.00001544014076
4.21 0.0001330136374   -0.00003731565661 0.00003035474034  0.00001522259484
4.22 0.0001315850133   -0.00003676973764 0.00003011971226  0.00001501661656
4.23 0.0001301224254   -0.00003623371737 0.00002988753262  0.00001482184   
4.24 0.0001286272993   -0.0000357074743  0.00002965814198  0.00001463790056
4.25 0.0001271010804   -0.00003519088582 0.00002943148095  0.00001446443498
4.26 0.0001255452342   -0.00003468382825 0.00002920749017  0.0000143010813 
4.27 0.0001239612461   -0.00003418617679 0.00002898611035  0.00001414747886
4.28 0.0001223506218   -0.00003369780562 0.00002876728223  0.00001400326827
4.29 0.0001207148866   -0.00003321858781 0.00002855094659  0.0000138680914 
4.3  0.000119055586    -0.00003274839541 0.00002833704426  0.00001374159136
4.31 0.0001173742856   -0.0000322870994  0.00002812551613  0.00001362341249
4.32 0.000115672571    -0.00003183456974 0.0000279163031   0.00001351320034
4.33 0.0001139520476   -0.00003139067536 0.00002770934614  0.00001341060164
4.34 0.0001122143413   -0.00003095528417 0.00002750458624  0.00001331526431
4.35 0.0001104610977   -0.00003052826306 0.00002730196443  0.00001322683745
4.36 0.0001086939825   -0.00003010947795 0.00002710142181  0.00001314497126
4.37 0.0001069146817   -0.00002969879373 0.00002690289948  0.00001306931712
4.38 0.0001056079191   -0.00002927651065 0.00002669265561  0.00001292467223
4.39 0.0001050147952   -0.00002883279725 0.00002646399172  0.00001267443347
4.4  0.0001044272369   -0.00002839626692 0.00002623701801  0.00001242862207
4.41 0.0001038452241   -0.0000279668545  0.00002601172729  0.00001218717541
4.42 0.0001032687362   -0.00002754449473 0.00002578811238  0.00001195003154
4.43 0.0001026977514   -0.00002712912223 0.00002556616613  0.00001171712915
4.44 0.0001021322476   -0.0000267206715  0.00002534588138  0.00001148840761
4.45 0.0001015722017   -0.00002631907693 0.000025127251    0.00001126380692
4.46 0.0001010175899   -0.00002592427282 0.00002491026787  0.00001104326772
4.47 0.0001004683876   -0.00002553619332 0.0000246949249   0.00001082673128
4.48 0.00009992456967  -0.0000251547725  0.00002448121499  0.0000106141395 
4.49 0.00009938610997  -0.0000247799443  0.00002426913108  0.00001040543488
4.5  0.00009885298176  -0.00002441164257 0.0000240586661   0.00001020056056
4.51 0.00009832515751  -0.00002404980104 0.00002384981301  9.999460247e-6  
4.52 0.00009780260895  -0.00002369435334 0.00002364256478  9.802078262e-6  
4.53 0.00009728530708  -0.00002334523298 0.00002343691439  9.608359511e-6  
4.54 0.00009677322212  -0.00002300237339 0.00002323285483  9.418249481e-6  
4.55 0.00009626632357  -0.00002266570787 0.00002303037912  9.231694235e-6  
4.56 0.0000957645802   -0.00002233516963 0.00002282948028  9.048640403e-6  
4.57 0.00009526795999  -0.00002201069177 0.00002263015135  8.869035178e-6  
4.58 0.00009477643022  -0.0000216922073  0.00002243238536  8.69282631e-6   
4.59 0.0000942899574   -0.00002137964912 0.00002223617539  8.519962096e-6  
4.6  0.00009380850731  -0.00002107295002 0.00002204151449  8.350391378e-6  
4.61 0.00009333204497  -0.0000207720427  0.00002184839577  8.184063535e-6  
4.62 0.00009286053468  -0.00002047685978 0.00002165681231  8.020928476e-6  
4.63 0.00009239393999  -0.00002018733375 0.00002146675722  7.860936637e-6  
4.64 0.00009193222368  -0.00001990339701 0.00002127822362  7.704038973e-6  
4.65 0.00009147534783  -0.00001962498188 0.00002109120465  7.550186952e-6  
4.66 0.00009102327375  -0.00001935202056 0.00002090569344  7.399332551e-6  
4.67 0.00009057596202  -0.00001908444518 0.00002072168315  7.251428247e-6  
4.68 0.00009013337246  -0.00001882218776 0.00002053916694  7.106427018e-6  
4.69 0.00008969546419  -0.00001856518023 0.000020358138    6.964282329e-6  
4.7  0.00008926219554  -0.00001831335442 0.0000201785895   6.824948133e-6  
4.71 0.00008883352413  -0.00001806664209 0.00002000051464  6.688378864e-6  
4.72 0.00008840940684  -0.00001782497487 0.00001982390663  6.554529429e-6  
4.73 0.00008798979978  -0.00001758828433 0.00001964875869  6.423355209e-6  
4.74 0.00008757465836  -0.00001735650194 0.00001947506404  6.294812047e-6  
4.75 0.00008716393722  -0.00001712955909 0.00001930281592  6.168856246e-6  
4.76 0.00008675759028  -0.00001690738706 0.00001913200758  6.045444566e-6  
4.77 0.0000863555707   -0.00001668991707 0.00001896263227  5.924534214e-6  
4.78 0.00008595783092  -0.00001647708021 0.00001879468326  5.806082846e-6  
4.79 0.00008556432264  -0.00001626880754 0.00001862815384  5.690048554e-6  
4.8  0.00008517499681  -0.00001606502998 0.00001846303727  5.576389869e-6  
4.81 0.00008478980365  -0.0000158656784  0.00001829932686  5.465065752e-6  
4.82 0.00008440869263  -0.00001567068356 0.00001813701591  5.356035589e-6  
4.83 0.00008403161249  -0.00001547997617 0.00001797609773  5.24925919e-6   
4.84 0.00008365851125  -0.00001529348681 0.00001781656564  5.14469678e-6   
4.85 0.00008328933617  -0.00001511114602 0.00001765841298  5.042308999e-6  
4.86 0.00008292403377  -0.00001493288423 0.00001750163307  4.942056893e-6  
4.87 0.00008256254984  -0.0000147586318  0.00001734621928  4.843901914e-6  
4.88 0.00008220482945  -0.000014588319   0.00001719216494  4.747805914e-6  
4.89 0.0000818508169   -0.00001442187603 0.00001703946343  4.653731138e-6  
4.9  0.00008150045578  -0.00001425923301 0.00001688810812  4.561640224e-6  
4.91 0.00008115368894  -0.00001410031997 0.00001673809238  4.471496199e-6  
4.92 0.00008081045848  -0.00001394506687 0.00001658940961  4.383262471e-6  
4.93 0.00008047070578  -0.00001379340358 0.00001644205319  4.296902827e-6  
4.94 0.00008013437147  -0.00001364525992 0.00001629601654  4.21238143e-6   
4.95 0.00007980139546  -0.00001350056559 0.00001615129305  4.129662816e-6  
4.96 0.00007947171691  -0.00001335925026 0.00001600787616  4.048711884e-6  
4.97 0.00007914527426  -0.00001322124349 0.00001586575928  3.969493901e-6  
4.98 0.0000788220052   -0.00001308647478 0.00001572493584  3.891974493e-6  
4.99 0.0000785018467   -0.00001295487354 0.00001558539929  3.816119639e-6  
5.   0.00007818473498  -0.00001282636914 0.00001544714308  3.741895674e-6  
5.01 0.00007787060553  -0.00001270089083 0.00001531016065  3.669269281e-6  
5.02 0.00007755939312  -0.00001257836783 0.00001517444547  3.598207487e-6  
5.03 0.00007725103177  -0.00001245872925 0.000015039991    3.528677661e-6  
5.04 0.00007694545477  -0.00001234190416 0.00001490679072  3.460647512e-6  
5.05 0.00007664259468  -0.00001222782154 0.00001477483811  3.39408508e-6   
5.06 0.00007634238333  -0.0000121164103  0.00001464412666  3.328958741e-6  
5.07 0.0000760447518   -0.00001200759929 0.00001451464986  3.265237194e-6  
5.08 0.00007571072549  -0.00001186991014 0.00001438722211  3.195281224e-6  
5.09 0.00007534516955  -0.00001170745239 0.00001426172699  3.120147568e-6  
5.1  0.00007498131106  -0.0000115470962  0.00001413745364  3.046354853e-6  
5.11 0.00007461914661  -0.00001138882687 0.0000140143941   2.973886725e-6  
5.12 0.00007425867273  -0.00001123262966 0.0000138925404   2.902726969e-6  
5.13 0.00007389988588  -0.00001107848982 0.0000137718846   2.832859506e-6  
5.14 0.00007354278249  -0.00001092639258 0.00001365241875  2.764268391e-6  
5.15 0.00007318735889  -0.00001077632315 0.00001353413492  2.696937809e-6  
5.16 0.00007283361139  -0.00001062826673 0.00001341702517  2.630852079e-6  
5.17 0.00007248153622  -0.00001048220848 0.00001330108158  2.56599565e-6   
5.18 0.00007213112956  -0.00001033813355 0.00001318629622  2.502353099e-6  
5.19 0.00007178238753  -0.00001019602708 0.00001307266118  2.439909129e-6  
5.2  0.0000714353062   -0.00001005587418 0.00001296016856  2.378648572e-6  
5.21 0.00007108988157  -9.917659939e-6   0.00001284881045  2.318556383e-6  
5.22 0.00007074610961  -9.781369437e-6   0.00001273857896  2.259617641e-6  
5.23 0.00007040398619  -9.646987726e-6   0.00001262946619  2.201817548e-6  
5.24 0.00007006350717  -9.514499846e-6   0.00001252146425  2.145141425e-6  
5.25 0.00006972466832  -9.383890814e-6   0.00001241456527  2.089574716e-6  
5.26 0.00006938746538  -9.255145629e-6   0.00001230876138  2.035102982e-6  
5.27 0.00006905189402  -9.128249274e-6   0.00001220404469  1.981711902e-6  
5.28 0.00006871794986  -9.003186711e-6   0.00001210040736  1.929387271e-6  
5.29 0.00006838562846  -8.879942886e-6   0.00001199784151  1.878115e-6     
5.3  0.00006805492534  -8.758502725e-6   0.00001189633929  1.827881113e-6  
5.31 0.00006772583594  -8.638851136e-6   0.00001179589286  1.778671748e-6  
5.32 0.00006739835568  -8.520973012e-6   0.00001169649437  1.730473156e-6  
5.33 0.00006707247989  -8.404853224e-6   0.00001159813598  1.683271696e-6  
5.34 0.00006674820388  -8.290476628e-6   0.00001150080985  1.637053839e-6  
5.35 0.00006642552289  -8.177828063e-6   0.00001140450816  1.591806163e-6  
5.36 0.0000661044321   -8.066892349e-6   0.00001130922308  1.547515356e-6  
5.37 0.00006578492666  -7.957654288e-6   0.00001121494679  1.50416821e-6   
5.38 0.00006546700165  -7.850098667e-6   0.00001112167148  1.461751623e-6  
5.39 0.0000651506521   -7.744210255e-6   0.00001102938933  1.4202526e-6    
5.4  0.000064835873    -7.639973802e-6   0.00001093809254  1.379658245e-6  
5.41 0.00006452265927  -7.537374045e-6   0.0000108477733   1.339955769e-6  
5.42 0.00006421100578  -7.436395699e-6   0.00001075842382  1.301132482e-6  
5.43 0.00006390090737  -7.337023468e-6   0.0000106700363   1.263175795e-6  
5.44 0.00006359235882  -7.239242035e-6   0.00001058260295  1.226073219e-6  
5.45 0.00006328535484  -7.143036068e-6   0.00001049611599  1.189812363e-6  
5.46 0.00006297989011  -7.048390219e-6   0.00001041056764  1.154380933e-6  
5.47 0.00006267595926  -6.955289122e-6   0.00001032595012  1.119766734e-6  
5.48 0.00006237355686  -6.863717398e-6   0.00001024225565  1.085957664e-6  
5.49 0.00006207267743  -6.773659648e-6   0.00001015947648  1.052941719e-6  
5.5  0.00006177331545  -6.685100459e-6   0.00001007760483  1.020706986e-6  
5.51 0.00006147546534  -6.598024402e-6   9.996632937e-6    9.892416469e-7  
5.52 0.00006117912149  -6.512416032e-6   9.916553053e-6    9.585339755e-7  
5.53 0.0000608842782   -6.428259889e-6   9.837357422e-6    9.285723368e-7  
5.54 0.00006059092978  -6.345540495e-6   9.759038294e-6    8.993451861e-7  
5.55 0.00006029907043  -6.264242358e-6   9.681587923e-6    8.708410686e-7  
5.56 0.00006000869435  -6.184349971e-6   9.604998566e-6    8.430486183e-7  
5.57 0.00005971979566  -6.105847811e-6   9.529262486e-6    8.159565572e-7  
5.58 0.00005943236846  -6.02872034e-6    9.454371948e-6    7.895536942e-7  
5.59 0.00005914640678  -5.952952004e-6   9.38031922e-6     7.638289247e-7  
5.6  0.0000588619046   -5.878527234e-6   9.307096574e-6    7.387712298e-7  
5.61 0.00005857885587  -5.805430447e-6   9.234696286e-6    7.143696749e-7  
5.62 0.00005829725448  -5.733646045e-6   9.163110634e-6    6.906134098e-7  
5.63 0.00005801709429  -5.663158413e-6   9.092331903e-6    6.674916672e-7  
5.64 0.00005773836908  -5.593951924e-6   9.022352376e-6    6.449937621e-7  
5.65 0.00005746107262  -5.526010935e-6   8.953164343e-6    6.231090915e-7  
5.66 0.00005718519861  -5.459319788e-6   8.884760097e-6    6.01827133e-7   
5.67 0.00005691074072  -5.393862811e-6   8.817131932e-6    5.811374443e-7  
5.68 0.00005663769255  -5.329624319e-6   8.750272148e-6    5.610296626e-7  
5.69 0.00005636604767  -5.266588609e-6   8.684173046e-6    5.414935039e-7  
5.7  0.00005609579962  -5.204739969e-6   8.618826931e-6    5.22518762e-7   
5.71 0.00005582694186  -5.144062667e-6   8.554226111e-6    5.040953078e-7  
5.72 0.00005555946783  -5.084540962e-6   8.490362897e-6    4.86213089e-7   
5.73 0.00005529337091  -5.026159096e-6   8.427229603e-6    4.68862129e-7   
5.74 0.00005502864444  -4.968901298e-6   8.364818547e-6    4.520325264e-7  
5.75 0.00005476528173  -4.912751783e-6   8.303122046e-6    4.357144542e-7  
5.76 0.00005450327601  -4.857694753e-6   8.242132425e-6    4.198981593e-7  
5.77 0.00005424262051  -4.803714395e-6   8.18184201e-6     4.045739615e-7  
5.78 0.00005398330837  -4.750794883e-6   8.122243127e-6    3.897322532e-7  
5.79 0.00005372533273  -4.698920379e-6   8.063328109e-6    3.753634987e-7  
5.8  0.00005346868664  -4.648075028e-6   8.005089289e-6    3.614582334e-7  
5.81 0.00005321336315  -4.598242966e-6   7.947519004e-6    3.48007063e-7   
5.82 0.00005295935524  -4.549408314e-6   7.890609594e-6    3.350006635e-7  
5.83 0.00005270665584  -4.501555177e-6   7.8343534e-6      3.224297798e-7  
5.84 0.00005245525786  -4.454667651e-6   7.778742766e-6    3.102852256e-7  
5.85 0.00005220515416  -4.408729817e-6   7.72377004e-6     2.985578826e-7  
5.86 0.00005195633753  -4.363725744e-6   7.669427572e-6    2.872387e-7     
5.87 0.00005170880077  -4.319639487e-6   7.615707713e-6    2.763186938e-7  
5.88 0.00005146253658  -4.276455089e-6   7.562602819e-6    2.657889461e-7  
5.89 0.00005121753765  -4.234156579e-6   7.510105247e-6    2.556406048e-7  
5.9  0.00005097379663  -4.192727976e-6   7.458207356e-6    2.458648828e-7  
5.91 0.0000507313061   -4.152153283e-6   7.406901508e-6    2.364530575e-7  
5.92 0.00005049005863  -4.112416494e-6   7.356180068e-6    2.273964703e-7  
5.93 0.00005025004673  -4.073501588e-6   7.306035402e-6    2.186865257e-7  
5.94 0.00005001126287  -4.035392533e-6   7.25645988e-6     2.103146914e-7  
5.95 0.00004977369948  -3.998073284e-6   7.207445873e-6    2.02272497e-7   
5.96 0.00004953371615  -3.955097252e-6   7.156503758e-6    1.920423745e-7  
5.97 0.0000492868156   -3.898495766e-6   7.100558935e-6    1.765333609e-7  
5.98 0.00004904106216  -3.842538507e-6   7.045118987e-6    1.613222038e-7  
5.99 0.00004879645513  -3.78722176e-6    6.990181078e-6    1.4640552e-7    
6.   0.00004855299377  -3.732541811e-6   6.93574237e-6     1.317799525e-7  
6.01 0.00004831067728  -3.678494939e-6   6.88180003e-6     1.174421701e-7  
6.02 0.00004806950485  -3.625077425e-6   6.828351223e-6    1.03388868e-7   
6.03 0.00004782947561  -3.572285545e-6   6.775393117e-6    8.96167664e-8   
6.04 0.00004759058863  -3.520115576e-6   6.722922882e-6    7.612261134e-8  
6.05 0.00004735284298  -3.468563789e-6   6.670937687e-6    6.290317383e-8  
6.06 0.00004711623766  -3.417626458e-6   6.619434705e-6    4.995524989e-8  
6.07 0.00004688077165  -3.367299849e-6   6.568411109e-6    3.727566027e-8  
6.08 0.00004664644386  -3.317580231e-6   6.517864072e-6    2.486125027e-8  
6.09 0.00004641325318  -3.268463868e-6   6.467790771e-6    1.27088895e-8   
6.1  0.00004618119846  -3.219947023e-6   6.418188383e-6    8.154716947e-10 
6.11 0.00004595027851  -3.172025957e-6   6.369054085e-6    -1.082208552e-8 
6.12 0.0000457204921   -3.124696929e-6   6.320385056e-6    -2.220684078e-8 
6.13 0.00004549183793  -3.077956195e-6   6.272178478e-6    -3.334182926e-8 
6.14 0.0000452643147   -3.031800011e-6   6.224431533e-6    -4.423006278e-8 
6.15 0.00004503792106  -2.986224628e-6   6.177141402e-6    -5.48745301e-8  
6.16 0.00004481265561  -2.941226299e-6   6.130305271e-6    -6.527819702e-8 
6.17 0.0000445885169   -2.896801271e-6   6.083920324e-6    -7.544400666e-8 
6.18 0.00004436550347  -2.852945791e-6   6.037983748e-6    -8.537487959e-8 
6.19 0.00004414361379  -2.809656105e-6   5.992492731e-6    -9.507371404e-8 
6.2  0.00004392284632  -2.766928455e-6   5.947444461e-6    -1.045433861e-7 
6.21 0.00004370319945  -2.724759081e-6   5.902836128e-6    -1.137867499e-7 
6.22 0.00004348467154  -2.683144224e-6   5.858664922e-6    -1.228066378e-7 
6.23 0.00004326726093  -2.64208012e-6    5.814928037e-6    -1.316058604e-7 
6.24 0.00004305096588  -2.601563003e-6   5.771622664e-6    -1.401872072e-7 
6.25 0.00004283578466  -2.561589108e-6   5.728745999e-6    -1.485534462e-7 
6.26 0.00004262171546  -2.522154665e-6   5.686295236e-6    -1.567073244e-7 
6.27 0.00004240875645  -2.483255904e-6   5.644267571e-6    -1.646515679e-7 
6.28 0.00004219690575  -2.444889051e-6   5.602660202e-6    -1.723888822e-7 
6.29 0.00004198616144  -2.407050333e-6   5.561470327e-6    -1.799219521e-7 
6.3  0.00004177652158  -2.369735973e-6   5.520695145e-6    -1.872534421e-7 
6.31 0.00004156798417  -2.332942193e-6   5.480331857e-6    -1.943859965e-7 
6.32 0.00004136054718  -2.296665213e-6   5.440377664e-6    -2.013222394e-7 
6.33 0.00004115420854  -2.26090125e-6    5.400829768e-6    -2.080647754e-7 
6.34 0.00004094896613  -2.225646521e-6   5.361685372e-6    -2.146161889e-7 
6.35 0.0000407448178   -2.19089724e-6    5.32294168e-6     -2.209790452e-7 
6.36 0.00004054176137  -2.156649619e-6   5.284595898e-6    -2.271558899e-7 
6.37 0.0000403397946   -2.12289987e-6    5.246645232e-6    -2.331492495e-7 
6.38 0.00004013891523  -2.089644199e-6   5.209086888e-6    -2.389616315e-7 
6.39 0.00003993912095  -2.056878816e-6   5.171918075e-6    -2.445955242e-7 
6.4  0.00003974040942  -2.024599924e-6   5.135136001e-6    -2.500533974e-7 
6.41 0.00003954277825  -1.992803727e-6   5.098737876e-6    -2.553377022e-7 
6.42 0.00003934622501  -1.961486426e-6   5.06272091e-6     -2.604508712e-7 
6.43 0.00003915074724  -1.930644222e-6   5.027082315e-6    -2.653953188e-7 
6.44 0.00003895634245  -1.900273311e-6   4.991819303e-6    -2.701734411e-7 
6.45 0.0000387630081   -1.870369891e-6   4.956929088e-6    -2.747876162e-7 
6.46 0.00003857074159  -1.840930154e-6   4.922408883e-6    -2.792402044e-7 
6.47 0.00003837954032  -1.811950295e-6   4.888255903e-6    -2.835335483e-7 
6.48 0.00003818940163  -1.783426504e-6   4.854467364e-6    -2.876699727e-7 
6.49 0.00003800032283  -1.75535497e-6    4.821040483e-6    -2.916517852e-7 
6.5  0.00003781230118  -1.727731879e-6   4.787972477e-6    -2.95481276e-7  
6.51 0.0000376253339   -1.700553419e-6   4.755260563e-6    -2.99160718e-7  
6.52 0.0000374394182   -1.673815772e-6   4.722901961e-6    -3.026923673e-7 
6.53 0.00003725455122  -1.647515121e-6   4.690893891e-6    -3.06078463e-7  
6.54 0.00003707073008  -1.621647646e-6   4.659233572e-6    -3.093212273e-7 
6.55 0.00003688795184  -1.596209526e-6   4.627918227e-6    -3.124228661e-7 
6.56 0.00003670621355  -1.571196938e-6   4.596945077e-6    -3.153855684e-7 
6.57 0.00003652551221  -1.546606057e-6   4.566311345e-6    -3.182115072e-7 
6.58 0.00003634584477  -1.522433057e-6   4.536014255e-6    -3.20902839e-7  
6.59 0.00003616720815  -1.498674109e-6   4.506051031e-6    -3.234617043e-7 
6.6  0.00003598959925  -1.475325385e-6   4.476418897e-6    -3.258902277e-7 
6.61 0.0000358130149   -1.452383052e-6   4.44711508e-6     -3.281905178e-7 
6.62 0.00003563745192  -1.429843278e-6   4.418136806e-6    -3.303646675e-7 
6.63 0.00003546290707  -1.407702227e-6   4.389481302e-6    -3.324147541e-7 
6.64 0.00003528937708  -1.385956064e-6   4.361145797e-6    -3.343428395e-7 
6.65 0.00003511685865  -1.364600951e-6   4.333127517e-6    -3.361509702e-7 
6.66 0.00003494534844  -1.343633047e-6   4.305423694e-6    -3.378411773e-7 
6.67 0.00003477484306  -1.323048513e-6   4.278031556e-6    -3.39415477e-7  
6.68 0.0000346053391   -1.302843503e-6   4.250948334e-6    -3.408758704e-7 
6.69 0.00003443683309  -1.283014176e-6   4.22417126e-6     -3.422243436e-7 
6.7  0.00003426932154  -1.263556683e-6   4.197697566e-6    -3.43462868e-7  
6.71 0.00003410280092  -1.244467178e-6   4.171524483e-6    -3.445934006e-7 
6.72 0.00003393726766  -1.225741811e-6   4.145649246e-6    -3.456178834e-7 
6.73 0.00003377271814  -1.207376732e-6   4.120069087e-6    -3.465382442e-7 
6.74 0.00003360914873  -1.189368087e-6   4.094781242e-6    -3.473563966e-7 
6.75 0.00003344655574  -1.171712024e-6   4.069782946e-6    -3.480742397e-7 
6.76 0.00003328493546  -1.154404686e-6   4.045071434e-6    -3.486936587e-7 
6.77 0.00003312428411  -1.137442217e-6   4.020643943e-6    -3.492165248e-7 
6.78 0.0000329645979   -1.120820757e-6   3.996497709e-6    -3.496446951e-7 
6.79 0.00003280587301  -1.104536447e-6   3.97262997e-6     -3.499800133e-7 
6.8  0.00003264810557  -1.088585424e-6   3.949037965e-6    -3.502243091e-7 
6.81 0.00003249129165  -1.072963826e-6   3.925718932e-6    -3.503793986e-7 
6.82 0.00003233542733  -1.057667788e-6   3.90267011e-6     -3.504470848e-7 
6.83 0.00003218050861  -1.042693442e-6   3.87988874e-6     -3.50429157e-7  
6.84 0.00003202653148  -1.028036923e-6   3.857372061e-6    -3.503273912e-7 
6.85 0.00003187349188  -1.01369436e-6    3.835117314e-6    -3.501435506e-7 
6.86 0.00003172138572  -9.996618819e-7   3.813121743e-6    -3.49879385e-7  
6.87 0.00003157020886  -9.859356171e-7   3.791382587e-6    -3.495366313e-7 
6.88 0.00003141995714  -9.725116917e-7   3.769897091e-6    -3.491170136e-7 
6.89 0.00003127062635  -9.593862302e-7   3.748662497e-6    -3.486222433e-7 
6.9  0.00003112221224  -9.465553561e-7   3.727676049e-6    -3.48054019e-7  
6.91 0.00003097471055  -9.340151911e-7   3.706934991e-6    -3.474140266e-7 
6.92 0.00003082811695  -9.217618554e-7   3.686436569e-6    -3.467039399e-7 
6.93 0.0000306824271   -9.097914681e-7   3.666178027e-6    -3.459254199e-7 
6.94 0.00003053763659  -8.981001464e-7   3.646156611e-6    -3.450801157e-7 
6.95 0.000030393741    -8.866840065e-7   3.626369569e-6    -3.441696637e-7 
6.96 0.00003025073587  -8.755391629e-7   3.606814146e-6    -3.431956887e-7 
6.97 0.0000301086167   -8.646617287e-7   3.587487589e-6    -3.421598032e-7 
6.98 0.00002996737895  -8.540478157e-7   3.568387148e-6    -3.410636078e-7 
6.99 0.00002982701805  -8.436935341e-7   3.54951007e-6     -3.399086912e-7 
7.   0.00002968752938  -8.335949928e-7   3.530853604e-6    -3.386966305e-7 
7.01 0.00002954890829  -8.237482993e-7   3.512415e-6       -3.37428991e-7  
7.02 0.00002941115011  -8.141495598e-7   3.494191506e-6    -3.361073264e-7 
7.03 0.00002927425011  -8.047948789e-7   3.476180374e-6    -3.347331791e-7 
7.04 0.00002913820353  -7.956803599e-7   3.458378854e-6    -3.333080799e-7 
7.05 0.00002900300558  -7.868021047e-7   3.440784198e-6    -3.318335482e-7 
7.06 0.00002886865143  -7.781562141e-7   3.423393656e-6    -3.303110925e-7 
7.07 0.0000287351362   -7.69738787e-7    3.406204482e-6    -3.287422097e-7 
7.08 0.00002860245501  -7.615459215e-7   3.389213927e-6    -3.271283859e-7 
7.09 0.00002847060289  -7.535737139e-7   3.372419245e-6    -3.254710962e-7 
7.1  0.00002833957489  -7.458182595e-7   3.355817689e-6    -3.237718047e-7 
7.11 0.00002820936597  -7.38275652e-7    3.339406513e-6    -3.220319646e-7 
7.12 0.00002807997111  -7.309419839e-7   3.323182972e-6    -3.202530185e-7 
7.13 0.0000279513852   -7.238133463e-7   3.307144319e-6    -3.184363982e-7 
7.14 0.00002782360312  -7.168858291e-7   3.29128781e-6     -3.165835249e-7 
7.15 0.00002769661972  -7.101555206e-7   3.275610701e-6    -3.146958094e-7 
7.16 0.00002757042981  -7.036185082e-7   3.260110248e-6    -3.127746519e-7 
7.17 0.00002744502814  -6.972708776e-7   3.244783706e-6    -3.108214422e-7 
7.18 0.00002732040945  -6.911087135e-7   3.229628334e-6    -3.0883756e-7   
7.19 0.00002719656845  -6.85128099e-7    3.214641387e-6    -3.068243747e-7 
7.2  0.00002707349977  -6.793251163e-7   3.199820124e-6    -3.047832453e-7 
7.21 0.00002695119806  -6.736958459e-7   3.185161802e-6    -3.027155212e-7 
7.22 0.0000268296579   -6.682363674e-7   3.170663681e-6    -3.006225413e-7 
7.23 0.00002670887384  -6.629427588e-7   3.156323018e-6    -2.985056349e-7 
7.24 0.00002658884039  -6.578110971e-7   3.142137073e-6    -2.963661213e-7 
7.25 0.00002646955203  -6.528374578e-7   3.128103105e-6    -2.942053101e-7 
7.26 0.00002635100321  -6.480179153e-7   3.114218375e-6    -2.920245011e-7 
7.27 0.00002623318833  -6.433485427e-7   3.100480142e-6    -2.898249844e-7 
7.28 0.00002611610177  -6.38825412e-7    3.086885667e-6    -2.876080406e-7 
7.29 0.00002599973786  -6.344445936e-7   3.073432211e-6    -2.853749409e-7 
7.3  0.00002588409089  -6.302021571e-7   3.060117036e-6    -2.831269467e-7 
7.31 0.00002576915514  -6.260941706e-7   3.046937403e-6    -2.808653104e-7 
7.32 0.00002565492482  -6.221167009e-7   3.033890574e-6    -2.78591275e-7  
7.33 0.00002554139413  -6.182658139e-7   3.020973812e-6    -2.76306074e-7  
7.34 0.00002542855723  -6.145375741e-7   3.008184379e-6    -2.74010932e-7  
7.35 0.00002531640824  -6.109280447e-7   2.995519538e-6    -2.717070644e-7 
7.36 0.00002520494123  -6.074332879e-7   2.982976554e-6    -2.693956775e-7 
7.37 0.00002509415025  -6.040493645e-7   2.970552689e-6    -2.670779687e-7 
7.38 0.00002498402933  -6.007723342e-7   2.958245208e-6    -2.647551263e-7 
7.39 0.00002487457242  -5.975982557e-7   2.946051375e-6    -2.624283301e-7 
7.4  0.00002476577349  -5.945231862e-7   2.933968455e-6    -2.600987506e-7 
7.41 0.00002465762642  -5.915431819e-7   2.921993713e-6    -2.577675499e-7 
7.42 0.00002455012509  -5.886542978e-7   2.910124415e-6    -2.554358815e-7 
7.43 0.00002444326333  -5.858525878e-7   2.898357826e-6    -2.531048899e-7 
7.44 0.00002433703494  -5.831341045e-7   2.886691212e-6    -2.507757115e-7 
7.45 0.00002423143368  -5.804948994e-7   2.87512184e-6     -2.484494738e-7 
7.46 0.00002412645329  -5.779310229e-7   2.863646976e-6    -2.461272961e-7 
7.47 0.00002402208744  -5.754385243e-7   2.852263887e-6    -2.438102893e-7 
7.48 0.00002391832979  -5.730134516e-7   2.840969841e-6    -2.414995558e-7 
7.49 0.00002381517397  -5.706518517e-7   2.829762105e-6    -2.391961901e-7 
7.5  0.00002371261356  -5.683497706e-7   2.818637947e-6    -2.369012781e-7 
7.51 0.00002361064211  -5.661032528e-7   2.807594635e-6    -2.346158978e-7 
7.52 0.00002350925312  -5.63908342e-7    2.796629437e-6    -2.32341119e-7  
7.53 0.00002340844009  -5.617610806e-7   2.785739622e-6    -2.300780034e-7 
7.54 0.00002330819644  -5.5965751e-7     2.77492246e-6     -2.278276051e-7 
7.55 0.00002320851559  -5.575936704e-7   2.764175219e-6    -2.255909697e-7 
7.56 0.00002310939091  -5.55565601e-7    2.75349517e-6     -2.233691353e-7 
7.57 0.00002301081574  -5.535693399e-7   2.742879581e-6    -2.211631322e-7 
7.58 0.00002291278337  -5.516009239e-7   2.732325724e-6    -2.189739827e-7 
7.59 0.00002281528707  -5.49656389e-7    2.721830868e-6    -2.168027016e-7 
7.6  0.00002271832008  -5.477317699e-7   2.711392284e-6    -2.146502959e-7 
7.61 0.00002262187557  -5.458231005e-7   2.701007243e-6    -2.125177651e-7 
7.62 0.00002252594672  -5.439264132e-7   2.690673017e-6    -2.104061011e-7 
7.63 0.00002243052665  -5.420377398e-7   2.680386876e-6    -2.083162883e-7 
7.64 0.00002233560845  -5.401531108e-7   2.670146093e-6    -2.062493037e-7 
7.65 0.00002224118517  -5.382685555e-7   2.65994794e-6     -2.042061167e-7 
7.66 0.00002214724983  -5.363801025e-7   2.649789688e-6    -2.021876897e-7 
7.67 0.0000220537954   -5.34483779e-7    2.63966861e-6     -2.001949774e-7 
7.68 0.00002196081485  -5.325756114e-7   2.629581979e-6    -1.982289276e-7 
7.69 0.00002186830108  -5.306516251e-7   2.619527069e-6    -1.962904806e-7 
7.7  0.00002177624697  -5.287078441e-7   2.609501151e-6    -1.943805698e-7 
7.71 0.00002168464536  -5.267402918e-7   2.5995015e-6      -1.925001213e-7 
7.72 0.00002159348907  -5.247449904e-7   2.589525389e-6    -1.906500542e-7 
7.73 0.00002150277085  -5.22717961e-7    2.579570093e-6    -1.888312808e-7 
7.74 0.00002141248345  -5.206552238e-7   2.569632885e-6    -1.87044706e-7  
7.75 0.00002132261957  -5.185527979e-7   2.55971104e-6     -1.852912282e-7 
7.76 0.00002123317188  -5.164067015e-7   2.549801832e-6    -1.835717386e-7 
7.77 0.000021144133    -5.142129517e-7   2.539902537e-6    -1.81887122e-7  
7.78 0.00002105549554  -5.119675646e-7   2.530010429e-6    -1.802382558e-7 
7.79 0.00002096725206  -5.096665555e-7   2.520122784e-6    -1.786260113e-7 
7.8  0.00002087939508  -5.073059384e-7   2.510236878e-6    -1.770512527e-7 
7.81 0.0000207919171   -5.048817266e-7   2.500349985e-6    -1.755148378e-7 
7.82 0.00002070481057  -5.023899322e-7   2.490459383e-6    -1.740176175e-7 
7.83 0.00002061806791  -4.998265664e-7   2.480562347e-6    -1.725604365e-7 
7.84 0.00002053168151  -4.971876395e-7   2.470656154e-6    -1.711441326e-7 
7.85 0.00002044564373  -4.944691609e-7   2.46073808e-6     -1.697695376e-7 
7.86 0.00002035994687  -4.916671387e-7   2.450805403e-6    -1.684374765e-7 
7.87 0.00002027458323  -4.887775803e-7   2.440855398e-6    -1.671487679e-7 
7.88 0.00002018954504  -4.857964922e-7   2.430885345e-6    -1.659042244e-7 
7.89 0.00002010482453  -4.827198798e-7   2.420892519e-6    -1.64704652e-7  
7.9  0.00002002041386  -4.795437476e-7   2.410874199e-6    -1.635508505e-7 
7.91 0.00001993630519  -4.762640992e-7   2.400827662e-6    -1.624436135e-7 
7.92 0.00001985249062  -4.728769372e-7   2.390750187e-6    -1.613837284e-7 
7.93 0.00001976896222  -4.693782632e-7   2.380639052e-6    -1.603719766e-7 
7.94 0.00001968571203  -4.657640781e-7   2.370491536e-6    -1.594091332e-7 
7.95 0.00001960273205  -4.620303817e-7   2.360304916e-6    -1.584959673e-7 
7.96 0.00001952001426  -4.581731728e-7   2.350076472e-6    -1.576332421e-7 
7.97 0.00001943755058  -4.541884496e-7   2.339803483e-6    -1.568217147e-7 
7.98 0.00001935533292  -4.50072209e-7    2.329483228e-6    -1.560621363e-7 
7.99 0.00001927335314  -4.458204473e-7   2.319112986e-6    -1.553552522e-7 
8.   0.00001919160307  -4.414291596e-7   2.308690037e-6    -1.547018017e-7 
8.01 0.00001911007451  -4.368943405e-7   2.298211662e-6    -1.541025186e-7 
8.02 0.00001902875921  -4.322119833e-7   2.287675139e-6    -1.535581306e-7 
8.03 0.00001894764891  -4.273780806e-7   2.277077749e-6    -1.530693598e-7 
8.04 0.00001886673528  -4.223886241e-7   2.266416772e-6    -1.526369226e-7 
8.05 0.00001878601     -4.172396047e-7   2.255689489e-6    -1.522615296e-7 
8.06 0.00001870546468  -4.119270121e-7   2.24489318e-6     -1.519438858e-7 
8.07 0.00001862509091  -4.064468355e-7   2.234025126e-6    -1.516846906e-7 
8.08 0.00001854488024  -4.007950631e-7   2.223082609e-6    -1.514846381e-7 
8.09 0.0000184648242   -3.94967682e-7    2.212062909e-6    -1.513444164e-7 
8.1  0.00001838491425  -3.889606788e-7   2.200963308e-6    -1.512647084e-7 
8.11 0.00001830514186  -3.827700391e-7   2.189781087e-6    -1.512461915e-7 
8.12 0.00001822549843  -3.763917474e-7   2.178513528e-6    -1.512895376e-7 
8.13 0.00001814597535  -3.698217877e-7   2.167157912e-6    -1.513954133e-7 
8.14 0.00001806656396  -3.63056143e-7    2.155711523e-6    -1.515644798e-7 
8.15 0.00001798725558  -3.560907954e-7   2.144171641e-6    -1.517973929e-7 
8.16 0.00001790804148  -3.489217262e-7   2.13253555e-6     -1.520948033e-7 
8.17 0.00001782891289  -3.415449159e-7   2.120800531e-6    -1.524573562e-7 
8.18 0.00001774986104  -3.339563442e-7   2.108963868e-6    -1.528856919e-7 
8.19 0.00001767087709  -3.261519897e-7   2.097022843e-6    -1.533804451e-7 
8.2  0.00001759195218  -3.181278306e-7   2.084974739e-6    -1.539422456e-7 
8.21 0.00001751307741  -3.098798438e-7   2.072816839e-6    -1.545717182e-7 
8.22 0.00001743424386  -3.014040059e-7   2.060546427e-6    -1.552694822e-7 
8.23 0.00001735544256  -2.926962921e-7   2.048160785e-6    -1.560361523e-7 
8.24 0.00001727666451  -2.837526774e-7   2.035657198e-6    -1.568723379e-7 
8.25 0.00001719790068  -2.745691354e-7   2.023032949e-6    -1.577786434e-7 
8.26 0.00001711914199  -2.651416393e-7   2.010285322e-6    -1.587556683e-7 
8.27 0.00001704037936  -2.554661613e-7   1.997411601e-6    -1.598040072e-7 
8.28 0.00001696160363  -2.45538673e-7    1.98440907e-6     -1.609242498e-7 
8.29 0.00001688280565  -2.353551449e-7   1.971275013e-6    -1.621169808e-7 
8.3  0.0000168039762   -2.249115469e-7   1.958006714e-6    -1.633827802e-7 
8.31 0.00001672510604  -2.142038481e-7   1.944601459e-6    -1.647222232e-7 
8.32 0.0000166461859   -2.032280169e-7   1.931056532e-6    -1.6613588e-7   
8.33 0.00001656720648  -1.919800206e-7   1.917369218e-6    -1.676243162e-7 
8.34 0.00001648815843  -1.804558261e-7   1.903536801e-6    -1.691880929e-7 
8.35 0.00001640903238  -1.686513993e-7   1.889556567e-6    -1.708277661e-7 
8.36 0.0000163298189   -1.565627053e-7   1.875425801e-6    -1.725438873e-7 
8.37 0.00001625050857  -1.441857087e-7   1.861141788e-6    -1.743370035e-7 
8.38 0.00001617109189  -1.315163729e-7   1.846701815e-6    -1.76207657e-7  
8.39 0.00001609155936  -1.185506609e-7   1.832103165e-6    -1.781563854e-7 
8.4  0.00001601190143  -1.052845348e-7   1.817343126e-6    -1.801837219e-7 
8.41 0.00001593210851  -9.171395604e-8   1.802418982e-6    -1.822901951e-7 
8.42 0.00001585217099  -7.78348851e-8    1.787328021e-6    -1.844763293e-7 
8.43 0.00001577207921  -6.36432819e-8    1.772067528e-6    -1.86742644e-7  
8.44 0.00001569182351  -4.913510553e-8   1.756634789e-6    -1.890896545e-7 
8.45 0.00001561139414  -3.430631437e-8   1.74102709e-6     -1.915178716e-7 
8.46 0.00001553078137  -1.915286602e-8   1.725241719e-6    -1.940278018e-7 
8.47 0.00001544997541  -3.670717396e-9   1.709275962e-6    -1.966199471e-7 
8.48 0.00001536896643  1.214417537e-8    1.693127105e-6    -1.992948054e-7 
8.49 0.00001528774457  2.829585685e-8    1.676792436e-6    -2.0205287e-7   
8.5  0.00001520629996  4.478837235e-8    1.66026924e-6     -2.048946302e-7 
8.51 0.00001512462266  6.162576791e-8    1.643554806e-6    -2.078205708e-7 
8.52 0.00001504270272  7.881209027e-8    1.626646421e-6    -2.108311725e-7 
8.53 0.00001496053014  9.635138691e-8    1.609541371e-6    -2.13926912e-7  
8.54 0.00001487809491  1.14247706e-7     1.592236945e-6    -2.171082614e-7 
8.55 0.00001479538695  1.325050965e-7    1.574730429e-6    -2.203756889e-7 
8.56 0.00001471239618  1.511276079e-7    1.557019112e-6    -2.237296587e-7 
8.57 0.00001462911248  1.701192907e-7    1.539100281e-6    -2.271706306e-7 
8.58 0.00001454552566  1.894841957e-7    1.520971224e-6    -2.306990605e-7 
8.59 0.00001446162555  2.092263748e-7    1.502629228e-6    -2.343154002e-7 
8.6  0.00001438816597  2.230810339e-7    1.488114597e-6    -2.365694357e-7 
8.61 0.00001433952291  2.226852976e-7    1.482818968e-6    -2.355347727e-7 
8.62 0.00001429131725  2.222418391e-7    1.477581392e-6    -2.345028134e-7 
8.63 0.00001424354512  2.217514982e-7    1.472401153e-6    -2.334736467e-7 
8.64 0.00001419620263  2.21215115e-7     1.467277536e-6    -2.324473594e-7 
8.65 0.00001414928585  2.206335294e-7    1.462209824e-6    -2.314240369e-7 
8.66 0.00001410279087  2.200075813e-7    1.457197301e-6    -2.304037628e-7 
8.67 0.0000140567137   2.193381105e-7    1.452239252e-6    -2.29386619e-7  
8.68 0.00001401105037  2.18625957e-7     1.447334961e-6    -2.283726858e-7 
8.69 0.00001396579687  2.178719606e-7    1.442483712e-6    -2.273620415e-7 
8.7  0.00001392094916  2.17076961e-7     1.437684789e-6    -2.263547632e-7 
8.71 0.00001387650318  2.162417981e-7    1.432937477e-6    -2.253509261e-7 
8.72 0.00001383245486  2.153673117e-7    1.428241061e-6    -2.243506037e-7 
8.73 0.00001378880009  2.144543414e-7    1.423594824e-6    -2.233538681e-7 
8.74 0.00001374553474  2.135037271e-7    1.418998052e-6    -2.223607895e-7 
8.75 0.00001370265466  2.125163085e-7    1.414450029e-6    -2.213714367e-7 
8.76 0.00001366015566  2.114929252e-7    1.40995004e-6     -2.203858769e-7 
8.77 0.00001361803356  2.104344168e-7    1.40549737e-6     -2.194041755e-7 
8.78 0.00001357628413  2.093416232e-7    1.401091303e-6    -2.184263965e-7 
8.79 0.00001353490312  2.082153838e-7    1.396731124e-6    -2.174526022e-7 
8.8  0.00001349388625  2.070565384e-7    1.392416119e-6    -2.164828535e-7 
8.81 0.00001345322924  2.058659265e-7    1.388145572e-6    -2.155172096e-7 
8.82 0.00001341292776  2.046443876e-7    1.383918768e-6    -2.145557282e-7 
8.83 0.00001337297748  2.033927615e-7    1.379734992e-6    -2.135984655e-7 
8.84 0.00001333337402  2.021118875e-7    1.375593529e-6    -2.126454761e-7 
8.85 0.000013294113    2.008026053e-7    1.371493666e-6    -2.11696813e-7  
8.86 0.00001325519     1.994657543e-7    1.367434686e-6    -2.10752528e-7  
8.87 0.00001321660058  1.981021741e-7    1.363415875e-6    -2.09812671e-7  
8.88 0.00001317834029  1.967127041e-7    1.359436519e-6    -2.088772908e-7 
8.89 0.00001314040463  1.952981838e-7    1.355495902e-6    -2.079464343e-7 
8.9  0.00001310278911  1.938594527e-7    1.351593311e-6    -2.070201472e-7 
8.91 0.00001306548918  1.923973501e-7    1.34772803e-6     -2.060984737e-7 
8.92 0.00001302850029  1.909127156e-7    1.343899346e-6    -2.051814565e-7 
8.93 0.00001299181786  1.894063884e-7    1.340106544e-6    -2.042691368e-7 
8.94 0.00001295543729  1.878792081e-7    1.336348909e-6    -2.033615545e-7 
8.95 0.00001291935395  1.86332014e-7     1.332625727e-6    -2.024587479e-7 
8.96 0.00001288356318  1.847656454e-7    1.328936285e-6    -2.015607539e-7 
8.97 0.00001284806033  1.831809418e-7    1.325279866e-6    -2.006676081e-7 
8.98 0.00001281284067  1.815787424e-7    1.321655759e-6    -1.997793446e-7 
8.99 0.0000127778995   1.799598865e-7    1.318063248e-6    -1.988959961e-7 
9.   0.00001274323207  1.783252136e-7    1.314501619e-6    -1.980175939e-7 
9.01 0.0000127088336   1.766755629e-7    1.310970158e-6    -1.97144168e-7  
9.02 0.00001267469931  1.750117737e-7    1.307468151e-6    -1.962757468e-7 
9.03 0.00001264082438  1.733346852e-7    1.303994885e-6    -1.954123576e-7 
9.04 0.00001260720396  1.716451368e-7    1.300549645e-6    -1.945540261e-7 
9.05 0.0000125738332   1.699439677e-7    1.297131718e-6    -1.937007769e-7 
9.06 0.0000125407072   1.682320172e-7    1.293740389e-6    -1.92852633e-7  
9.07 0.00001250782105  1.665101244e-7    1.290374945e-6    -1.920096162e-7 
9.08 0.00001247516982  1.647791286e-7    1.287034672e-6    -1.91171747e-7  
9.09 0.00001244274855  1.630398691e-7    1.283718856e-6    -1.903390444e-7 
9.1  0.00001241055226  1.61293185e-7     1.280426785e-6    -1.895115263e-7 
9.11 0.00001237857593  1.595399155e-7    1.277157743e-6    -1.88689209e-7  
9.12 0.00001234681455  1.577808999e-7    1.273911019e-6    -1.878721079e-7 
9.13 0.00001231526305  1.560169772e-7    1.270685897e-6    -1.870602367e-7 
9.14 0.00001228391635  1.542489868e-7    1.267481665e-6    -1.862536081e-7 
9.15 0.00001225276937  1.524777676e-7    1.264297608e-6    -1.854522333e-7 
9.16 0.00001222181697  1.507041589e-7    1.261133015e-6    -1.846561225e-7 
9.17 0.000012191054    1.489289999e-7    1.257987171e-6    -1.838652844e-7 
9.18 0.00001216047529  1.471531296e-7    1.254859363e-6    -1.830797265e-7 
9.19 0.00001213007565  1.453773872e-7    1.251748878e-6    -1.82299455e-7  
9.2  0.00001209984986  1.436026117e-7    1.248655002e-6    -1.81524475e-7  
9.21 0.00001206979267  1.418296425e-7    1.245577023e-6    -1.807547902e-7 
9.22 0.00001203989882  1.400593184e-7    1.242514227e-6    -1.799904032e-7 
9.23 0.00001201016302  1.382924787e-7    1.2394659e-6      -1.792313152e-7 
9.24 0.00001198057995  1.365299624e-7    1.236431331e-6    -1.784775265e-7 
9.25 0.00001195114427  1.347726085e-7    1.233409805e-6    -1.777290358e-7 
9.26 0.00001192185064  1.330212563e-7    1.23040061e-6     -1.769858409e-7 
9.27 0.00001189269365  1.312767447e-7    1.227403033e-6    -1.762479382e-7 
9.28 0.0000118636679   1.295399129e-7    1.224416361e-6    -1.755153231e-7 
9.29 0.00001183476796  1.278115998e-7    1.221439881e-6    -1.747879895e-7 
9.3  0.00001180598838  1.260926445e-7    1.21847288e-6     -1.740659306e-7 
9.31 0.00001177732367  1.243838862e-7    1.215514645e-6    -1.733491379e-7 
9.32 0.00001174876833  1.226861638e-7    1.212564463e-6    -1.726376021e-7 
9.33 0.00001172031684  1.210003163e-7    1.209621623e-6    -1.719313126e-7 
9.34 0.00001169196365  1.193271829e-7    1.20668541e-6     -1.712302578e-7 
9.35 0.00001166370317  1.176676025e-7    1.203755112e-6    -1.705344246e-7 
9.36 0.00001163552982  1.160224141e-7    1.200830017e-6    -1.698437992e-7 
9.37 0.00001160743798  1.143924569e-7    1.197909412e-6    -1.691583664e-7 
9.38 0.00001157942199  1.127785697e-7    1.194992584e-6    -1.684781099e-7 
9.39 0.00001155147619  1.111815917e-7    1.192078821e-6    -1.678030122e-7 
9.4  0.0000115235949   1.096023618e-7    1.18916741e-6     -1.67133055e-7  
9.41 0.00001149577238  1.08041719e-7     1.186257639e-6    -1.664682186e-7 
9.42 0.00001146800291  1.065005023e-7    1.183348795e-6    -1.658084822e-7 
9.43 0.00001144028072  1.049795508e-7    1.180440167e-6    -1.651538241e-7 
9.44 0.00001141260003  1.034797034e-7    1.17753104e-6     -1.645042213e-7 
9.45 0.00001138495503  1.020017991e-7    1.174620704e-6    -1.638596498e-7 
9.46 0.00001135733987  1.005466769e-7    1.171708445e-6    -1.632200846e-7 
9.47 0.00001132974872  9.911517585e-8    1.168793552e-6    -1.625854995e-7 
9.48 0.00001130217567  9.770813486e-8    1.165875311e-6    -1.619558674e-7 
9.49 0.00001127461484  9.632639292e-8    1.162953012e-6    -1.613311598e-7 
9.5  0.0000112470603   9.497078903e-8    1.160025942e-6    -1.607113475e-7 
9.51 0.00001121950608  9.364216215e-8    1.157093388e-6    -1.600964001e-7 
9.52 0.00001119194623  9.234135128e-8    1.154154638e-6    -1.594862862e-7 
9.53 0.00001116437473  9.106919537e-8    1.151208981e-6    -1.588809733e-7 
9.54 0.00001113678557  8.98265334e-8     1.148255703e-6    -1.582804278e-7 
9.55 0.0000111091727   8.861420435e-8    1.145294094e-6    -1.576846153e-7 
9.56 0.00001108153006  8.743304719e-8    1.142323441e-6    -1.570935003e-7 
9.57 0.00001105385154  8.628390087e-8    1.139343032e-6    -1.56507046e-7  
9.58 0.00001102613104  8.516760438e-8    1.136352155e-6    -1.55925215e-7  
9.59 0.00001099836242  8.408499667e-8    1.133350098e-6    -1.553479687e-7 
9.6  0.0000109705395   8.303691671e-8    1.13033615e-6     -1.547752674e-7 
9.61 0.00001094265611  8.202420347e-8    1.127309597e-6    -1.542070706e-7 
9.62 0.00001091470603  8.104769591e-8    1.12426973e-6     -1.536433368e-7 
9.63 0.00001088668303  8.0108233e-8      1.121215834e-6    -1.530840232e-7 
9.64 0.00001085858085  7.920665369e-8    1.1181472e-6      -1.525290865e-7 
9.65 0.00001083039322  7.834379696e-8    1.115063115e-6    -1.51978482e-7  
9.66 0.00001080211382  7.752050176e-8    1.111962867e-6    -1.514321643e-7 
9.67 0.00001077373632  7.673760706e-8    1.108845744e-6    -1.50890087e-7  
9.68 0.00001074525439  7.599595182e-8    1.105711036e-6    -1.503522026e-7 
9.69 0.00001071666163  7.529637501e-8    1.102558029e-6    -1.498184628e-7 
9.7  0.00001068795166  7.463971559e-8    1.099386014e-6    -1.492888183e-7 
9.71 0.00001065911804  7.402681253e-8    1.096194277e-6    -1.487632187e-7 
9.72 0.00001063015434  7.345850479e-8    1.092982107e-6    -1.48241613e-7  
9.73 0.00001060105408  7.293563134e-8    1.089748794e-6    -1.477239489e-7 
9.74 0.00001057181078  7.245903115e-8    1.086493624e-6    -1.472101734e-7 
9.75 0.00001054241791  7.202954318e-8    1.083215887e-6    -1.467002326e-7 
9.76 0.00001051286893  7.164800641e-8    1.079914872e-6    -1.461940715e-7 
9.77 0.00001048315729  7.13152598e-8     1.076589866e-6    -1.456916343e-7 
9.78 0.00001045327639  7.103214233e-8    1.073240159e-6    -1.451928643e-7 
9.79 0.00001042321962  7.079949297e-8    1.069865038e-6    -1.446977039e-7 
9.8  0.00001039298035  7.06181507e-8     1.066463793e-6    -1.442060945e-7 
9.81 0.00001036255192  7.04889545e-8     1.063035713e-6    -1.437179767e-7 
9.82 0.00001033192766  7.041274334e-8    1.059580085e-6    -1.432332901e-7 
9.83 0.00001030110085  7.03903562e-8     1.056096198e-6    -1.427519736e-7 
9.84 0.00001027006476  7.042263207e-8    1.052583342e-6    -1.422739651e-7 
9.85 0.00001023881265  7.051040993e-8    1.049040805e-6    -1.417992016e-7 
9.86 0.00001020733774  7.065452877e-8    1.045467875e-6    -1.413276193e-7 
9.87 0.00001017563324  7.085582758e-8    1.041863842e-6    -1.408591535e-7 
9.88 0.00001014369231  7.111514535e-8    1.038227994e-6    -1.403937386e-7 
9.89 0.00001011150812  7.143332107e-8    1.03455962e-6     -1.399313081e-7 
9.9  0.00001007907379  7.181119374e-8    1.030858009e-6    -1.394717949e-7 
9.91 0.00001004638243  7.224960237e-8    1.02712245e-6     -1.390151307e-7 
9.92 0.00001001342712  7.274938594e-8    1.023352231e-6    -1.385612466e-7 
9.93 9.980200935e-6    7.331138347e-8    1.019546642e-6    -1.381100728e-7 
9.94 9.946696898e-6    7.393643397e-8    1.015704972e-6    -1.376615386e-7 
9.95 9.912908027e-6    7.462537644e-8    1.011826509e-6    -1.372155725e-7 
9.96 9.87882731e-6     7.53790499e-8     1.007910543e-6    -1.367721022e-7 
9.97 9.844447713e-6    7.619829337e-8    1.003956361e-6    -1.363310546e-7 
9.98 9.809762181e-6    7.708394587e-8    9.999632548e-7    -1.358923557e-7 
9.99 9.774763631e-6    7.803684642e-8    9.959305117e-7    -1.354559308e-7 
10.  9.739444959e-6    7.905783405e-8    9.918574211e-7    -1.350217041e-7 